--patch
Tier3DEC-015..-035_RA+090..+100,1000000.000,90.000,-35.000,100.000,-15.000
--patch
Tier3DEC-015..-035_RA+085..+095,1000000.000,85.000,-35.000,95.000,-15.000
--patch
Tier3DEC-020..-040_RA+080..+090,1000000.000,80.000,-40.000,90.000,-20.000
--patch
Tier3DEC-020..-040_RA+075..+085,1000000.000,75.000,-40.000,85.000,-20.000
--patch
Tier3DEC-025..-045_RA+070..+080,1000000.000,70.000,-45.000,80.000,-25.000
--patch
Tier2DEC-025..-045_RA+065..+075,1000.000,65.000,-45.000,75.000,-25.000
--patch
Tier2DEC-030..-050_RA+060..+070,1000.000,60.000,-50.000,70.000,-30.000
--patch
Tier2DEC-030..-050_RA+055..+065,1000.000,55.000,-50.000,65.000,-30.000
--patch
Tier1DEC-030..-050_RA+050..+060,1.000,50.000,-50.000,60.000,-30.000
--patch
Tier1DEC-035..-055_RA+045..+055,1.000,45.000,-55.000,55.000,-35.000
--patch
Tier1DEC-035..-055_RA+040..+050,1.000,40.000,-55.000,50.000,-35.000
--patch
Tier1DEC-035..-055_RA+035..+045,1.000,35.000,-55.000,45.000,-35.000
--patch
Tier1DEC-030..-050_RA+030..+040,1.000,30.000,-50.000,40.000,-30.000
--patch
Tier2DEC-035..-055_RA+025..+035,1000.000,25.000,-55.000,35.000,-35.000
--patch
Tier2DEC-035..-055_RA+020..+030,1000.000,20.000,-55.000,30.000,-35.000
--patch
Tier2DEC-035..-055_RA+015..+025,1000.000,15.000,-55.000,25.000,-35.000
--patch
Tier2DEC-035..-055_RA+010..+020,1000.000,10.000,-55.000,20.000,-35.000
--patch
Tier2DEC-030..-050_RA+005..+015,1000.000,5.000,-50.000,15.000,-30.000
--patch
Tier2DEC-030..-050_RA+000..+010,1000.000,0.000,-50.000,10.000,-30.000
--patch
Tier3DEC-025..-045_RA+355..+005,1000000.000,355.000,-45.000,5.000,-25.000
--patch
Tier3DEC-025..-045_RA+350..+000,1000000.000,350.000,-45.000,0.000,-25.000
--patch
Tier3DEC-025..-045_RA+345..+355,1000000.000,345.000,-45.000,355.000,-25.000
--patch
Tier3DEC-020..-040_RA+340..+350,1000000.000,340.000,-40.000,350.000,-20.000
--patch
Tier3DEC-020..-040_RA+335..+345,1000000.000,335.000,-40.000,345.000,-20.000
