--patch
Tier3DEC-015..-035_RA+090..+100,1000000.000,90.000,-35.000,100.000,-15.000
--patch
Tier3DEC-015..-035_RA+085..+095,1000000.000,85.000,-35.000,95.000,-15.000
--patch
Tier2DEC-020..-040_RA+080..+090,1000.000,80.000,-40.000,90.000,-20.000
--patch
Tier2DEC-020..-040_RA+075..+085,1000.000,75.000,-40.000,85.000,-20.000
--patch
Tier2DEC-025..-045_RA+070..+080,1000.000,70.000,-45.000,80.000,-25.000
--patch
Tier2DEC-025..-045_RA+065..+075,1000.000,65.000,-45.000,75.000,-25.000
--patch
Tier2DEC-030..-050_RA+060..+070,1000.000,60.000,-50.000,70.000,-30.000
--patch
Tier2DEC-030..-050_RA+055..+065,1000.000,55.000,-50.000,65.000,-30.000
--patch
Tier1DEC-030..-050_RA+050..+060,1.000,50.000,-50.000,60.000,-30.000
--patch
Tier1DEC-035..-055_RA+045..+055,1.000,45.000,-55.000,55.000,-35.000
--patch
Tier1DEC-035..-055_RA+040..+050,1.000,40.000,-55.000,50.000,-35.000
--patch
Tier1DEC-035..-055_RA+035..+045,1.000,35.000,-55.000,45.000,-35.000
--patch
Tier1DEC-030..-050_RA+030..+040,1.000,30.000,-50.000,40.000,-30.000
--patch
Tier2DEC-035..-055_RA+025..+035,1000.000,25.000,-55.000,35.000,-35.000
--patch
Tier2DEC-035..-055_RA+020..+030,1000.000,20.000,-55.000,30.000,-35.000
--patch
Tier2DEC-035..-055_RA+015..+025,1000.000,15.000,-55.000,25.000,-35.000
--patch
Tier2DEC-035..-055_RA+010..+020,1000.000,10.000,-55.000,20.000,-35.000
--patch
Tier3DEC-030..-050_RA+005..+015,1000000.000,5.000,-50.000,15.000,-30.000
--patch
Tier3DEC-030..-050_RA+000..+010,1000000.000,0.000,-50.000,10.000,-30.000
--patch
Tier3DEC-025..-045_RA+355..+005,1000000.000,355.000,-45.000,5.000,-25.000
--patch
Tier3DEC-025..-045_RA+350..+000,1000000.000,350.000,-45.000,0.000,-25.000
--patch
Tier3DEC-025..-045_RA+345..+355,1000000.000,345.000,-45.000,355.000,-25.000
--patch
Tier3DEC-020..-040_RA+340..+350,1000000.000,340.000,-40.000,350.000,-20.000
--patch
Tier3DEC-020..-040_RA+335..+345,1000000.000,335.000,-40.000,345.000,-20.000
--patch
Tier3DEC-015..-035_RA+330..+340,1000000.000,330.000,-35.000,340.000,-15.000
--patch
Tier3DEC-015..-035_RA+325..+335,1000000.000,325.000,-35.000,335.000,-15.000
--patch
Tier3DEC-015..-035_RA+320..+330,1000000.000,320.000,-35.000,330.000,-15.000
--patch
Tier3DEC-010..-030_RA+315..+325,1000000.000,315.000,-30.000,325.000,-10.000
--patch
Tier3DEC-005..-025_RA+310..+320,1000000.000,310.000,-25.000,320.000,-5.000
--patch
Tier3DEC+000..-020_RA+305..+315,1000000.000,305.000,-20.000,315.000,0.000
--patch
Tier3DEC+005..-015_RA+300..+310,1000000.000,300.000,-15.000,310.000,5.000
--patch
Tier3DEC+005..-015_RA+295..+305,1000000.000,295.000,-15.000,305.000,5.000
--patch
Tier3DEC-020..-040_RA+220..+230,10000000.000,220.000,-40.000,230.000,-20.000
--patch
Tier3DEC-025..-045_RA+215..+225,10000000.000,215.000,-45.000,225.000,-25.000
--patch
Tier3DEC-025..-045_RA+210..+220,10000000.000,210.000,-45.000,220.000,-25.000
--patch
Tier3DEC-025..-045_RA+205..+215,10000000.000,205.000,-45.000,215.000,-25.000
--patch
Tier3DEC-025..-045_RA+200..+210,10000000.000,200.000,-45.000,210.000,-25.000
--patch
Tier3DEC-025..-045_RA+195..+205,10000000.000,195.000,-45.000,205.000,-25.000
--patch
Tier3DEC-025..-045_RA+190..+200,10000000.000,190.000,-45.000,200.000,-25.000
--patch
Tier3DEC-020..-040_RA+185..+195,10000000.000,185.000,-40.000,195.000,-20.000
--patch
Tier3DEC-010..-030_RA+180..+190,10000000.000,180.000,-30.000,190.000,-10.000
--patch
Tier3DEC+000..-020_RA+175..+185,10000000.000,175.000,-20.000,185.000,0.000
--patch
Tier3DEC+010..-010_RA+170..+180,10000000.000,170.000,-10.000,180.000,10.000
--patch
Tier2DEC+010..-010_RA+165..+175,10000.000,165.000,-10.000,175.000,10.000
--patch
Tier2DEC+010..-010_RA+160..+170,10000.000,160.000,-10.000,170.000,10.000
--patch
Tier1DEC+015..-005_RA+155..+165,10.000,155.000,-5.000,165.000,15.000
--patch
Tier1DEC+010..-010_RA+150..+160,10.000,150.000,-10.000,160.000,10.000
--patch
Tier1DEC+005..-015_RA+145..+155,10.000,145.000,-15.000,155.000,5.000
--patch
Tier1DEC+010..-010_RA+140..+150,10.000,140.000,-10.000,150.000,10.000
--patch
Tier1DEC+010..-010_RA+135..+145,10.000,135.000,-10.000,145.000,10.000
--patch
Tier2DEC+015..-005_RA+130..+140,10000.000,130.000,-5.000,140.000,15.000
--patch
Tier2DEC+015..-005_RA+125..+135,10000.000,125.000,-5.000,135.000,15.000
--patch
Tier2DEC+020..+000_RA+120..+130,10000.000,120.000,0.000,130.000,20.000
--patch
Tier2DEC+020..+000_RA+115..+125,10000.000,115.000,0.000,125.000,20.000
--patch
Tier3DEC+020..+000_RA+110..+120,10000000.000,110.000,0.000,120.000,20.000
