--patch
Tier3DEC-015..-035_RA+090..+100-1,1000000.000,90.000,-35.000,100.000,-15.000
--patch
Tier3DEC-015..-035_RA+090..+100-2,1000000.000,90.000,-40.000,100.000,-10.000
--patch
Tier3DEC-015..-035_RA+090..+100-3,1000000.000,90.000,-45.000,100.000,-5.000
--patch
Tier3DEC-015..-035_RA+085..+095-1,1000000.000,85.000,-35.000,95.000,-15.000
--patch
Tier3DEC-015..-035_RA+085..+095-2,1000000.000,85.000,-40.000,95.000,-10.000
--patch
Tier3DEC-015..-035_RA+085..+095-3,1000000.000,85.000,-45.000,95.000,-5.000
--patch
Tier3DEC-020..-040_RA+080..+090-1,1000000.000,80.000,-40.000,90.000,-20.000
--patch
Tier3DEC-020..-040_RA+080..+090-2,1000000.000,80.000,-45.000,90.000,-15.000
--patch
Tier3DEC-020..-040_RA+080..+090-3,1000000.000,80.000,-50.000,90.000,-10.000
--patch
Tier3DEC-020..-040_RA+075..+085-1,1000000.000,75.000,-40.000,85.000,-20.000
--patch
Tier3DEC-020..-040_RA+075..+085-2,1000000.000,75.000,-45.000,85.000,-15.000
--patch
Tier3DEC-020..-040_RA+075..+085-3,1000000.000,75.000,-50.000,85.000,-10.000
--patch
Tier3DEC-025..-045_RA+070..+080-1,1000000.000,70.000,-45.000,80.000,-25.000
--patch
Tier3DEC-025..-045_RA+070..+080-2,1000000.000,70.000,-50.000,80.000,-20.000
--patch
Tier3DEC-025..-045_RA+070..+080-3,1000000.000,70.000,-55.000,80.000,-15.000
--patch
Tier2DEC-025..-045_RA+065..+075-1,1000.000,65.000,-45.000,75.000,-25.000
--patch
Tier2DEC-025..-045_RA+065..+075-2,1000.000,65.000,-50.000,75.000,-20.000
--patch
Tier2DEC-025..-045_RA+065..+075-3,1000.000,65.000,-55.000,75.000,-15.000
--patch
Tier2DEC-030..-050_RA+060..+070-1,1000.000,60.000,-50.000,70.000,-30.000
--patch
Tier2DEC-030..-050_RA+060..+070-2,1000.000,60.000,-55.000,70.000,-25.000
--patch
Tier2DEC-030..-050_RA+060..+070-3,1000.000,60.000,-60.000,70.000,-20.000
--patch
Tier2DEC-030..-050_RA+055..+065-1,1000.000,55.000,-50.000,65.000,-30.000
--patch
Tier2DEC-030..-050_RA+055..+065-2,1000.000,55.000,-55.000,65.000,-25.000
--patch
Tier2DEC-030..-050_RA+055..+065-3,1000.000,55.000,-60.000,65.000,-20.000
--patch
Tier1DEC-030..-050_RA+050..+060-1,1.000,50.000,-50.000,60.000,-30.000
--patch
Tier1DEC-030..-050_RA+050..+060-2,1.000,50.000,-55.000,60.000,-25.000
--patch
Tier1DEC-030..-050_RA+050..+060-3,1.000,50.000,-60.000,60.000,-20.000
--patch
Tier1DEC-035..-055_RA+045..+055-1,1.000,45.000,-55.000,55.000,-35.000
--patch
Tier1DEC-035..-055_RA+045..+055-2,1.000,45.000,-60.000,55.000,-30.000
--patch
Tier1DEC-035..-055_RA+045..+055-3,1.000,45.000,-65.000,55.000,-25.000
--patch
Tier1DEC-035..-055_RA+040..+050-1,1.000,40.000,-55.000,50.000,-35.000
--patch
Tier1DEC-035..-055_RA+040..+050-2,1.000,40.000,-60.000,50.000,-30.000
--patch
Tier1DEC-035..-055_RA+040..+050-3,1.000,40.000,-65.000,50.000,-25.000
--patch
Tier1DEC-035..-055_RA+035..+045-1,1.000,35.000,-55.000,45.000,-35.000
--patch
Tier1DEC-035..-055_RA+035..+045-2,1.000,35.000,-60.000,45.000,-30.000
--patch
Tier1DEC-035..-055_RA+035..+045-3,1.000,35.000,-65.000,45.000,-25.000
--patch
Tier1DEC-030..-050_RA+030..+040-1,1.000,30.000,-50.000,40.000,-30.000
--patch
Tier1DEC-030..-050_RA+030..+040-2,1.000,30.000,-55.000,40.000,-25.000
--patch
Tier1DEC-030..-050_RA+030..+040-3,1.000,30.000,-60.000,40.000,-20.000
--patch
Tier2DEC-035..-055_RA+025..+035-1,1000.000,25.000,-55.000,35.000,-35.000
--patch
Tier2DEC-035..-055_RA+025..+035-2,1000.000,25.000,-60.000,35.000,-30.000
--patch
Tier2DEC-035..-055_RA+025..+035-3,1000.000,25.000,-65.000,35.000,-25.000
--patch
Tier2DEC-035..-055_RA+020..+030-1,1000.000,20.000,-55.000,30.000,-35.000
--patch
Tier2DEC-035..-055_RA+020..+030-2,1000.000,20.000,-60.000,30.000,-30.000
--patch
Tier2DEC-035..-055_RA+020..+030-3,1000.000,20.000,-65.000,30.000,-25.000
--patch
Tier2DEC-035..-055_RA+015..+025-1,1000.000,15.000,-55.000,25.000,-35.000
--patch
Tier2DEC-035..-055_RA+015..+025-2,1000.000,15.000,-60.000,25.000,-30.000
--patch
Tier2DEC-035..-055_RA+015..+025-3,1000.000,15.000,-65.000,25.000,-25.000
--patch
Tier2DEC-035..-055_RA+010..+020-1,1000.000,10.000,-55.000,20.000,-35.000
--patch
Tier2DEC-035..-055_RA+010..+020-2,1000.000,10.000,-60.000,20.000,-30.000
--patch
Tier2DEC-035..-055_RA+010..+020-3,1000.000,10.000,-65.000,20.000,-25.000
--patch
Tier2DEC-030..-050_RA+005..+015-1,1000.000,5.000,-50.000,15.000,-30.000
--patch
Tier2DEC-030..-050_RA+005..+015-2,1000.000,5.000,-55.000,15.000,-25.000
--patch
Tier2DEC-030..-050_RA+005..+015-3,1000.000,5.000,-60.000,15.000,-20.000
--patch
Tier2DEC-030..-050_RA+000..+010-1,1000.000,0.000,-50.000,10.000,-30.000
--patch
Tier2DEC-030..-050_RA+000..+010-2,1000.000,0.000,-55.000,10.000,-25.000
--patch
Tier2DEC-030..-050_RA+000..+010-3,1000.000,0.000,-60.000,10.000,-20.000
--patch
Tier3DEC-025..-045_RA+355..+005-1,1000000.000,355.000,-45.000,5.000,-25.000
--patch
Tier3DEC-025..-045_RA+355..+005-2,1000000.000,355.000,-50.000,5.000,-20.000
--patch
Tier3DEC-025..-045_RA+355..+005-3,1000000.000,355.000,-55.000,5.000,-15.000
--patch
Tier3DEC-025..-045_RA+350..+000-1,1000000.000,350.000,-45.000,0.000,-25.000
--patch
Tier3DEC-025..-045_RA+350..+000-2,1000000.000,350.000,-50.000,0.000,-20.000
--patch
Tier3DEC-025..-045_RA+350..+000-3,1000000.000,350.000,-55.000,0.000,-15.000
--patch
Tier3DEC-025..-045_RA+345..+355-1,1000000.000,345.000,-45.000,355.000,-25.000
--patch
Tier3DEC-025..-045_RA+345..+355-2,1000000.000,345.000,-50.000,355.000,-20.000
--patch
Tier3DEC-025..-045_RA+345..+355-3,1000000.000,345.000,-55.000,355.000,-15.000
--patch
Tier3DEC-020..-040_RA+340..+350-1,1000000.000,340.000,-40.000,350.000,-20.000
--patch
Tier3DEC-020..-040_RA+340..+350-2,1000000.000,340.000,-45.000,350.000,-15.000
--patch
Tier3DEC-020..-040_RA+340..+350-3,1000000.000,340.000,-50.000,350.000,-10.000
--patch
Tier3DEC-020..-040_RA+335..+345-1,1000000.000,335.000,-40.000,345.000,-20.000
--patch
Tier3DEC-020..-040_RA+335..+345-2,1000000.000,335.000,-45.000,345.000,-15.000
--patch
Tier3DEC-020..-040_RA+335..+345-3,1000000.000,335.000,-50.000,345.000,-10.000
--patch
Tier3DEC-015..-035_RA+330..+340-1,1000000.000,330.000,-35.000,340.000,-15.000
--patch
Tier3DEC-015..-035_RA+330..+340-2,1000000.000,330.000,-40.000,340.000,-10.000
--patch
Tier3DEC-015..-035_RA+330..+340-3,1000000.000,330.000,-45.000,340.000,-5.000
--patch
Tier3DEC-015..-035_RA+325..+335-1,1000000.000,325.000,-35.000,335.000,-15.000
--patch
Tier3DEC-015..-035_RA+325..+335-2,1000000.000,325.000,-40.000,335.000,-10.000
--patch
Tier3DEC-015..-035_RA+325..+335-3,1000000.000,325.000,-45.000,335.000,-5.000
--patch
Tier3DEC-015..-035_RA+320..+330-1,1000000.000,320.000,-35.000,330.000,-15.000
--patch
Tier3DEC-015..-035_RA+320..+330-2,1000000.000,320.000,-40.000,330.000,-10.000
--patch
Tier3DEC-015..-035_RA+320..+330-3,1000000.000,320.000,-45.000,330.000,-5.000
--patch
Tier3DEC-010..-030_RA+315..+325-1,1000000.000,315.000,-30.000,325.000,-10.000
--patch
Tier3DEC-010..-030_RA+315..+325-2,1000000.000,315.000,-35.000,325.000,-5.000
--patch
Tier3DEC-010..-030_RA+315..+325-3,1000000.000,315.000,-40.000,325.000,0.000
--patch
Tier3DEC-005..-025_RA+310..+320-1,1000000.000,310.000,-25.000,320.000,-5.000
--patch
Tier3DEC-005..-025_RA+310..+320-2,1000000.000,310.000,-30.000,320.000,0.000
--patch
Tier3DEC-005..-025_RA+310..+320-3,1000000.000,310.000,-35.000,320.000,5.000
--patch
Tier3DEC+000..-020_RA+305..+315-1,1000000.000,305.000,-20.000,315.000,0.000
--patch
Tier3DEC+000..-020_RA+305..+315-2,1000000.000,305.000,-25.000,315.000,5.000
--patch
Tier3DEC+000..-020_RA+305..+315-3,1000000.000,305.000,-30.000,315.000,10.000
--patch
Tier3DEC+005..-015_RA+300..+310-1,1000000.000,300.000,-15.000,310.000,5.000
--patch
Tier3DEC+005..-015_RA+300..+310-2,1000000.000,300.000,-20.000,310.000,10.000
--patch
Tier3DEC+005..-015_RA+300..+310-3,1000000.000,300.000,-25.000,310.000,15.000
--patch
Tier3DEC+005..-015_RA+295..+305-1,1000000.000,295.000,-15.000,305.000,5.000
--patch
Tier3DEC+005..-015_RA+295..+305-2,1000000.000,295.000,-20.000,305.000,10.000
--patch
Tier3DEC+005..-015_RA+295..+305-3,1000000.000,295.000,-25.000,305.000,15.000
--patch
Tier3DEC-020..-040_RA+220..+230-1,10000000.000,220.000,-40.000,230.000,-20.000
--patch
Tier3DEC-020..-040_RA+220..+230-2,10000000.000,220.000,-45.000,230.000,-15.000
--patch
Tier3DEC-020..-040_RA+220..+230-3,10000000.000,220.000,-50.000,230.000,-10.000
--patch
Tier3DEC-025..-045_RA+215..+225-1,10000000.000,215.000,-45.000,225.000,-25.000
--patch
Tier3DEC-025..-045_RA+215..+225-2,10000000.000,215.000,-50.000,225.000,-20.000
--patch
Tier3DEC-025..-045_RA+215..+225-3,10000000.000,215.000,-55.000,225.000,-15.000
--patch
Tier3DEC-025..-045_RA+210..+220-1,10000000.000,210.000,-45.000,220.000,-25.000
--patch
Tier3DEC-025..-045_RA+210..+220-2,10000000.000,210.000,-50.000,220.000,-20.000
--patch
Tier3DEC-025..-045_RA+210..+220-3,10000000.000,210.000,-55.000,220.000,-15.000
--patch
Tier3DEC-025..-045_RA+205..+215-1,10000000.000,205.000,-45.000,215.000,-25.000
--patch
Tier3DEC-025..-045_RA+205..+215-2,10000000.000,205.000,-50.000,215.000,-20.000
--patch
Tier3DEC-025..-045_RA+205..+215-3,10000000.000,205.000,-55.000,215.000,-15.000
--patch
Tier3DEC-025..-045_RA+200..+210-1,10000000.000,200.000,-45.000,210.000,-25.000
--patch
Tier3DEC-025..-045_RA+200..+210-2,10000000.000,200.000,-50.000,210.000,-20.000
--patch
Tier3DEC-025..-045_RA+200..+210-3,10000000.000,200.000,-55.000,210.000,-15.000
--patch
Tier3DEC-025..-045_RA+195..+205-1,10000000.000,195.000,-45.000,205.000,-25.000
--patch
Tier3DEC-025..-045_RA+195..+205-2,10000000.000,195.000,-50.000,205.000,-20.000
--patch
Tier3DEC-025..-045_RA+195..+205-3,10000000.000,195.000,-55.000,205.000,-15.000
--patch
Tier3DEC-025..-045_RA+190..+200-1,10000000.000,190.000,-45.000,200.000,-25.000
--patch
Tier3DEC-025..-045_RA+190..+200-2,10000000.000,190.000,-50.000,200.000,-20.000
--patch
Tier3DEC-025..-045_RA+190..+200-3,10000000.000,190.000,-55.000,200.000,-15.000
--patch
Tier3DEC-020..-040_RA+185..+195-1,10000000.000,185.000,-40.000,195.000,-20.000
--patch
Tier3DEC-020..-040_RA+185..+195-2,10000000.000,185.000,-45.000,195.000,-15.000
--patch
Tier3DEC-020..-040_RA+185..+195-3,10000000.000,185.000,-50.000,195.000,-10.000
--patch
Tier3DEC-010..-030_RA+180..+190-1,10000000.000,180.000,-30.000,190.000,-10.000
--patch
Tier3DEC-010..-030_RA+180..+190-2,10000000.000,180.000,-35.000,190.000,-5.000
--patch
Tier3DEC-010..-030_RA+180..+190-3,10000000.000,180.000,-40.000,190.000,0.000
--patch
Tier3DEC+000..-020_RA+175..+185-1,10000000.000,175.000,-20.000,185.000,0.000
--patch
Tier3DEC+000..-020_RA+175..+185-2,10000000.000,175.000,-25.000,185.000,5.000
--patch
Tier3DEC+000..-020_RA+175..+185-3,10000000.000,175.000,-30.000,185.000,10.000
--patch
Tier3DEC+010..-010_RA+170..+180-1,10000000.000,170.000,-10.000,180.000,10.000
--patch
Tier3DEC+010..-010_RA+170..+180-2,10000000.000,170.000,-15.000,180.000,15.000
--patch
Tier3DEC+010..-010_RA+170..+180-3,10000000.000,170.000,-20.000,180.000,20.000
--patch
Tier2DEC+010..-010_RA+165..+175-1,10000.000,165.000,-10.000,175.000,10.000
--patch
Tier2DEC+010..-010_RA+165..+175-2,10000.000,165.000,-15.000,175.000,15.000
--patch
Tier2DEC+010..-010_RA+165..+175-3,10000.000,165.000,-20.000,175.000,20.000
--patch
Tier2DEC+010..-010_RA+160..+170-1,10000.000,160.000,-10.000,170.000,10.000
--patch
Tier2DEC+010..-010_RA+160..+170-2,10000.000,160.000,-15.000,170.000,15.000
--patch
Tier2DEC+010..-010_RA+160..+170-3,10000.000,160.000,-20.000,170.000,20.000
--patch
Tier1DEC+015..-005_RA+155..+165-1,10.000,155.000,-5.000,165.000,15.000
--patch
Tier1DEC+015..-005_RA+155..+165-2,10.000,155.000,-10.000,165.000,20.000
--patch
Tier1DEC+015..-005_RA+155..+165-3,10.000,155.000,-15.000,165.000,25.000
--patch
Tier1DEC+010..-010_RA+150..+160-1,10.000,150.000,-10.000,160.000,10.000
--patch
Tier1DEC+010..-010_RA+150..+160-2,10.000,150.000,-15.000,160.000,15.000
--patch
Tier1DEC+010..-010_RA+150..+160-3,10.000,150.000,-20.000,160.000,20.000
--patch
Tier1DEC+005..-015_RA+145..+155-1,10.000,145.000,-15.000,155.000,5.000
--patch
Tier1DEC+005..-015_RA+145..+155-2,10.000,145.000,-20.000,155.000,10.000
--patch
Tier1DEC+005..-015_RA+145..+155-3,10.000,145.000,-25.000,155.000,15.000
--patch
Tier1DEC+010..-010_RA+140..+150-1,10.000,140.000,-10.000,150.000,10.000
--patch
Tier1DEC+010..-010_RA+140..+150-2,10.000,140.000,-15.000,150.000,15.000
--patch
Tier1DEC+010..-010_RA+140..+150-3,10.000,140.000,-20.000,150.000,20.000
--patch
Tier1DEC+010..-010_RA+135..+145-1,10.000,135.000,-10.000,145.000,10.000
--patch
Tier1DEC+010..-010_RA+135..+145-2,10.000,135.000,-15.000,145.000,15.000
--patch
Tier1DEC+010..-010_RA+135..+145-3,10.000,135.000,-20.000,145.000,20.000
--patch
Tier2DEC+015..-005_RA+130..+140-1,10000.000,130.000,-5.000,140.000,15.000
--patch
Tier2DEC+015..-005_RA+130..+140-2,10000.000,130.000,-10.000,140.000,20.000
--patch
Tier2DEC+015..-005_RA+130..+140-3,10000.000,130.000,-15.000,140.000,25.000
--patch
Tier2DEC+015..-005_RA+125..+135-1,10000.000,125.000,-5.000,135.000,15.000
--patch
Tier2DEC+015..-005_RA+125..+135-2,10000.000,125.000,-10.000,135.000,20.000
--patch
Tier2DEC+015..-005_RA+125..+135-3,10000.000,125.000,-15.000,135.000,25.000
--patch
Tier3DEC+020..+000_RA+120..+130-1,10000000.000,120.000,0.000,130.000,20.000
--patch
Tier3DEC+020..+000_RA+120..+130-2,10000000.000,120.000,-5.000,130.000,25.000
--patch
Tier3DEC+020..+000_RA+120..+130-3,10000000.000,120.000,-10.000,130.000,30.000
--patch
Tier3DEC+020..+000_RA+115..+125-1,10000000.000,115.000,0.000,125.000,20.000
--patch
Tier3DEC+020..+000_RA+115..+125-2,10000000.000,115.000,-5.000,125.000,25.000
--patch
Tier3DEC+020..+000_RA+115..+125-3,10000000.000,115.000,-10.000,125.000,30.000
--patch
Tier3DEC+020..+000_RA+110..+120-1,10000000.000,110.000,0.000,120.000,20.000
--patch
Tier3DEC+020..+000_RA+110..+120-2,10000000.000,110.000,-5.000,120.000,25.000
--patch
Tier3DEC+020..+000_RA+110..+120-3,10000000.000,110.000,-10.000,120.000,30.000
