--patch
south1,0.001,-55.000,-20.000,90.000,-40.000
--patch
south2,0.001,-65.000,-30.000,100.000,-50.000
--patch
south3,0.001,-55.000,-40.000,90.000,-60.000
--patch
north1,1000.000,120.000,10.000,195.000,-10.000
--patch
north2,1000.000,110.000,0.000,205.000,-20.000
--patch
north3,1000.000,120.000,-10.000,195.000,-30.000
--patch
DEC-060..-040_RA+000.000..+013.333,1.000,0.000,-40.000,13.333,-60.000
--patch
DEC-060..-040_RA+013.333..+026.667,1.000,13.333,-40.000,26.667,-60.000
--patch
DEC-060..-040_RA+026.667..+040.000,1.000,26.667,-40.000,40.000,-60.000
--patch
DEC-060..-040_RA+040.000..+053.333,1.000,40.000,-40.000,53.333,-60.000
--patch
DEC-060..-040_RA+053.333..+066.667,1.000,53.333,-40.000,66.667,-60.000
--patch
DEC-060..-040_RA+066.667..+080.000,1.000,66.667,-40.000,80.000,-60.000
--patch
DEC-060..-040_RA+080.000..+093.333,1.000,80.000,-40.000,93.333,-60.000
--patch
DEC-060..-040_RA+293.333..+306.667,1.000,293.333,-40.000,306.667,-60.000
--patch
DEC-060..-040_RA+306.667..+320.000,1.000,306.667,-40.000,320.000,-60.000
--patch
DEC-060..-040_RA+320.000..+333.333,1.000,320.000,-40.000,333.333,-60.000
--patch
DEC-060..-040_RA+333.333..+346.667,1.000,333.333,-40.000,346.667,-60.000
--patch
DEC-060..-040_RA+346.667..+360.000,1.000,346.667,-40.000,360.000,-60.000
--patch
DEC-050..-030_RA+000.000..+011.613,1.000,0.000,-30.000,11.613,-50.000
--patch
DEC-050..-030_RA+011.613..+023.226,1.000,11.613,-30.000,23.226,-50.000
--patch
DEC-050..-030_RA+023.226..+034.839,1.000,23.226,-30.000,34.839,-50.000
--patch
DEC-050..-030_RA+034.839..+046.452,1.000,34.839,-30.000,46.452,-50.000
--patch
DEC-050..-030_RA+046.452..+058.065,1.000,46.452,-30.000,58.065,-50.000
--patch
DEC-050..-030_RA+058.065..+069.677,1.000,58.065,-30.000,69.677,-50.000
--patch
DEC-050..-030_RA+069.677..+081.290,1.000,69.677,-30.000,81.290,-50.000
--patch
DEC-050..-030_RA+081.290..+092.903,1.000,81.290,-30.000,92.903,-50.000
--patch
DEC-050..-030_RA+092.903..+104.516,1.000,92.903,-30.000,104.516,-50.000
--patch
DEC-050..-030_RA+290.323..+301.935,1.000,290.323,-30.000,301.935,-50.000
--patch
DEC-050..-030_RA+301.935..+313.548,1.000,301.935,-30.000,313.548,-50.000
--patch
DEC-050..-030_RA+313.548..+325.161,1.000,313.548,-30.000,325.161,-50.000
--patch
DEC-050..-030_RA+325.161..+336.774,1.000,325.161,-30.000,336.774,-50.000
--patch
DEC-050..-030_RA+336.774..+348.387,1.000,336.774,-30.000,348.387,-50.000
--patch
DEC-050..-030_RA+348.387..+360.000,1.000,348.387,-30.000,360.000,-50.000
--patch
DEC-040..-020_RA+000.000..+010.909,1.000,0.000,-20.000,10.909,-40.000
--patch
DEC-040..-020_RA+010.909..+021.818,1.000,10.909,-20.000,21.818,-40.000
--patch
DEC-040..-020_RA+021.818..+032.727,1.000,21.818,-20.000,32.727,-40.000
--patch
DEC-040..-020_RA+032.727..+043.636,1.000,32.727,-20.000,43.636,-40.000
--patch
DEC-040..-020_RA+043.636..+054.545,1.000,43.636,-20.000,54.545,-40.000
--patch
DEC-040..-020_RA+054.545..+065.455,1.000,54.545,-20.000,65.455,-40.000
--patch
DEC-040..-020_RA+065.455..+076.364,1.000,65.455,-20.000,76.364,-40.000
--patch
DEC-040..-020_RA+076.364..+087.273,1.000,76.364,-20.000,87.273,-40.000
--patch
DEC-040..-020_RA+087.273..+098.182,1.000,87.273,-20.000,98.182,-40.000
--patch
DEC-040..-020_RA+305.455..+316.364,1.000,305.455,-20.000,316.364,-40.000
--patch
DEC-040..-020_RA+316.364..+327.273,1.000,316.364,-20.000,327.273,-40.000
--patch
DEC-040..-020_RA+327.273..+338.182,1.000,327.273,-20.000,338.182,-40.000
--patch
DEC-040..-020_RA+338.182..+349.091,1.000,338.182,-20.000,349.091,-40.000
--patch
DEC-040..-020_RA+349.091..+360.000,1.000,349.091,-20.000,360.000,-40.000
--patch
DEC-030..-010_RA+113.143..+123.429,1000000.000,113.143,-10.000,123.429,-30.000
--patch
DEC-030..-010_RA+123.429..+133.714,1000000.000,123.429,-10.000,133.714,-30.000
--patch
DEC-030..-010_RA+133.714..+144.000,1000000.000,133.714,-10.000,144.000,-30.000
--patch
DEC-030..-010_RA+144.000..+154.286,1000000.000,144.000,-10.000,154.286,-30.000
--patch
DEC-030..-010_RA+154.286..+164.571,1000000.000,154.286,-10.000,164.571,-30.000
--patch
DEC-030..-010_RA+164.571..+174.857,1000000.000,164.571,-10.000,174.857,-30.000
--patch
DEC-030..-010_RA+174.857..+185.143,1000000.000,174.857,-10.000,185.143,-30.000
--patch
DEC-030..-010_RA+185.143..+195.429,1000000.000,185.143,-10.000,195.429,-30.000
--patch
DEC-020..+000_RA+110.000..+120.000,1000000.000,110.000,0.000,120.000,-20.000
--patch
DEC-020..+000_RA+120.000..+130.000,1000000.000,120.000,0.000,130.000,-20.000
--patch
DEC-020..+000_RA+130.000..+140.000,1000000.000,130.000,0.000,140.000,-20.000
--patch
DEC-020..+000_RA+140.000..+150.000,1000000.000,140.000,0.000,150.000,-20.000
--patch
DEC-020..+000_RA+150.000..+160.000,1000000.000,150.000,0.000,160.000,-20.000
--patch
DEC-020..+000_RA+160.000..+170.000,1000000.000,160.000,0.000,170.000,-20.000
--patch
DEC-020..+000_RA+170.000..+180.000,1000000.000,170.000,0.000,180.000,-20.000
--patch
DEC-020..+000_RA+180.000..+190.000,1000000.000,180.000,0.000,190.000,-20.000
--patch
DEC-020..+000_RA+190.000..+200.000,1000000.000,190.000,0.000,200.000,-20.000
--patch
DEC-020..+000_RA+200.000..+210.000,1000000.000,200.000,0.000,210.000,-20.000
--patch
DEC-010..+010_RA+120.000..+130.000,1000000.000,120.000,10.000,130.000,-10.000
--patch
DEC-010..+010_RA+130.000..+140.000,1000000.000,130.000,10.000,140.000,-10.000
--patch
DEC-010..+010_RA+140.000..+150.000,1000000.000,140.000,10.000,150.000,-10.000
--patch
DEC-010..+010_RA+150.000..+160.000,1000000.000,150.000,10.000,160.000,-10.000
--patch
DEC-010..+010_RA+160.000..+170.000,1000000.000,160.000,10.000,170.000,-10.000
--patch
DEC-010..+010_RA+170.000..+180.000,1000000.000,170.000,10.000,180.000,-10.000
--patch
DEC-010..+010_RA+180.000..+190.000,1000000.000,180.000,10.000,190.000,-10.000
--patch
DEC-010..+010_RA+190.000..+200.000,1000000.000,190.000,10.000,200.000,-10.000
