--patch
south,0.001,-50.000,-30.000,90.000,-50.000
--patch
north,1000.000,120.000,0.000,195.000,-20.000
--patch
DEC-050..-030_RA+000.000..+011.613,1.000,0.000,-30.000,11.613,-50.000
--patch
DEC-050..-030_RA+011.613..+023.226,1.000,11.613,-30.000,23.226,-50.000
--patch
DEC-050..-030_RA+023.226..+034.839,1.000,23.226,-30.000,34.839,-50.000
--patch
DEC-050..-030_RA+034.839..+046.452,1.000,34.839,-30.000,46.452,-50.000
--patch
DEC-050..-030_RA+046.452..+058.065,1.000,46.452,-30.000,58.065,-50.000
--patch
DEC-050..-030_RA+058.065..+069.677,1.000,58.065,-30.000,69.677,-50.000
--patch
DEC-050..-030_RA+069.677..+081.290,1.000,69.677,-30.000,81.290,-50.000
--patch
DEC-050..-030_RA+081.290..+092.903,1.000,81.290,-30.000,92.903,-50.000
--patch
DEC-050..-030_RA+301.935..+313.548,1.000,301.935,-30.000,313.548,-50.000
--patch
DEC-050..-030_RA+313.548..+325.161,1.000,313.548,-30.000,325.161,-50.000
--patch
DEC-050..-030_RA+325.161..+336.774,1.000,325.161,-30.000,336.774,-50.000
--patch
DEC-050..-030_RA+336.774..+348.387,1.000,336.774,-30.000,348.387,-50.000
--patch
DEC-050..-030_RA+348.387..+360.000,1.000,348.387,-30.000,360.000,-50.000
--patch
DEC-020..+000_RA+120.000..+130.000,1000000.000,120.000,0.000,130.000,-20.000
--patch
DEC-020..+000_RA+130.000..+140.000,1000000.000,130.000,0.000,140.000,-20.000
--patch
DEC-020..+000_RA+140.000..+150.000,1000000.000,140.000,0.000,150.000,-20.000
--patch
DEC-020..+000_RA+150.000..+160.000,1000000.000,150.000,0.000,160.000,-20.000
--patch
DEC-020..+000_RA+160.000..+170.000,1000000.000,160.000,0.000,170.000,-20.000
--patch
DEC-020..+000_RA+170.000..+180.000,1000000.000,170.000,0.000,180.000,-20.000
--patch
DEC-020..+000_RA+180.000..+190.000,1000000.000,180.000,0.000,190.000,-20.000
--patch
DEC-020..+000_RA+190.000..+200.000,1000000.000,190.000,0.000,200.000,-20.000
