--patch
DEC-070..-060_RA+010..+015,99.020,10.000,-60.000,15.000,-70.000
--patch
DEC-070..-060_RA+015..+020,66.362,15.000,-60.000,20.000,-70.000
--patch
DEC-070..-060_RA+020..+025,46.987,20.000,-60.000,25.000,-70.000
--patch
DEC-070..-060_RA+025..+030,33.681,25.000,-60.000,30.000,-70.000
--patch
DEC-070..-060_RA+030..+035,24.706,30.000,-60.000,35.000,-70.000
--patch
DEC-070..-060_RA+035..+040,19.922,35.000,-60.000,40.000,-70.000
--patch
DEC-070..-060_RA+040..+045,18.748,40.000,-60.000,45.000,-70.000
--patch
DEC-070..-060_RA+045..+050,21.090,45.000,-60.000,50.000,-70.000
--patch
DEC-070..-060_RA+050..+055,27.809,50.000,-60.000,55.000,-70.000
--patch
DEC-070..-060_RA+055..+060,41.920,55.000,-60.000,60.000,-70.000
--patch
DEC-070..-060_RA+060..+065,68.691,60.000,-60.000,65.000,-70.000
--patch
DEC-065..-055_RA+005..+010,56.031,5.000,-55.000,10.000,-65.000
--patch
DEC-065..-055_RA+010..+015,32.229,10.000,-55.000,15.000,-65.000
--patch
DEC-065..-055_RA+015..+020,18.483,15.000,-55.000,20.000,-65.000
--patch
DEC-065..-055_RA+020..+025,10.621,20.000,-55.000,25.000,-65.000
--patch
DEC-065..-055_RA+025..+030,6.493,25.000,-55.000,30.000,-65.000
--patch
DEC-065..-055_RA+030..+035,4.556,30.000,-55.000,35.000,-65.000
--patch
DEC-065..-055_RA+035..+040,3.756,35.000,-55.000,40.000,-65.000
--patch
DEC-065..-055_RA+040..+045,3.588,40.000,-55.000,45.000,-65.000
--patch
DEC-065..-055_RA+045..+050,3.938,45.000,-55.000,50.000,-65.000
--patch
DEC-065..-055_RA+050..+055,5.055,50.000,-55.000,55.000,-65.000
--patch
DEC-065..-055_RA+055..+060,7.862,55.000,-55.000,60.000,-65.000
--patch
DEC-065..-055_RA+060..+065,14.694,60.000,-55.000,65.000,-65.000
--patch
DEC-065..-055_RA+065..+070,30.461,65.000,-55.000,70.000,-65.000
--patch
DEC-065..-055_RA+070..+075,63.463,70.000,-55.000,75.000,-65.000
--patch
DEC-060..-050_RA+000..+005,58.593,0.000,-50.000,5.000,-60.000
--patch
DEC-060..-050_RA+005..+010,30.528,5.000,-50.000,10.000,-60.000
--patch
DEC-060..-050_RA+010..+015,15.767,10.000,-50.000,15.000,-60.000
--patch
DEC-060..-050_RA+015..+020,7.888,15.000,-50.000,20.000,-60.000
--patch
DEC-060..-050_RA+020..+025,4.155,20.000,-50.000,25.000,-60.000
--patch
DEC-060..-050_RA+025..+030,2.555,25.000,-50.000,30.000,-60.000
--patch
DEC-060..-050_RA+030..+035,1.907,30.000,-50.000,35.000,-60.000
--patch
DEC-060..-050_RA+035..+040,1.677,35.000,-50.000,40.000,-60.000
--patch
DEC-060..-050_RA+040..+045,1.644,40.000,-50.000,45.000,-60.000
--patch
DEC-060..-050_RA+045..+050,1.754,45.000,-50.000,50.000,-60.000
--patch
DEC-060..-050_RA+050..+055,2.106,50.000,-50.000,55.000,-60.000
--patch
DEC-060..-050_RA+055..+060,3.041,55.000,-50.000,60.000,-60.000
--patch
DEC-060..-050_RA+060..+065,5.486,60.000,-50.000,65.000,-60.000
--patch
DEC-060..-050_RA+065..+070,12.171,65.000,-50.000,70.000,-60.000
--patch
DEC-060..-050_RA+070..+075,29.782,70.000,-50.000,75.000,-60.000
--patch
DEC-060..-050_RA+075..+080,71.670,75.000,-50.000,80.000,-60.000
--patch
DEC-055..-045_RA+000..+005,43.983,0.000,-45.000,5.000,-55.000
--patch
DEC-055..-045_RA+005..+010,22.039,5.000,-45.000,10.000,-55.000
--patch
DEC-055..-045_RA+010..+015,10.358,10.000,-45.000,15.000,-55.000
--patch
DEC-055..-045_RA+015..+020,4.813,15.000,-45.000,20.000,-55.000
--patch
DEC-055..-045_RA+020..+025,2.507,20.000,-45.000,25.000,-55.000
--patch
DEC-055..-045_RA+025..+030,1.600,25.000,-45.000,30.000,-55.000
--patch
DEC-055..-045_RA+030..+035,1.261,30.000,-45.000,35.000,-55.000
--patch
DEC-055..-045_RA+035..+040,1.156,35.000,-45.000,40.000,-55.000
--patch
DEC-055..-045_RA+040..+045,1.151,40.000,-45.000,45.000,-55.000
--patch
DEC-055..-045_RA+045..+050,1.210,45.000,-45.000,50.000,-55.000
--patch
DEC-055..-045_RA+050..+055,1.389,50.000,-45.000,55.000,-55.000
--patch
DEC-055..-045_RA+055..+060,1.890,55.000,-45.000,60.000,-55.000
--patch
DEC-055..-045_RA+060..+065,3.247,60.000,-45.000,65.000,-55.000
--patch
DEC-055..-045_RA+065..+070,7.202,65.000,-45.000,70.000,-55.000
--patch
DEC-055..-045_RA+070..+075,19.370,70.000,-45.000,75.000,-55.000
--patch
DEC-055..-045_RA+075..+080,53.405,75.000,-45.000,80.000,-55.000
--patch
DEC-055..-045_RA+355..+360,86.130,355.000,-45.000,360.000,-55.000
--patch
DEC-050..-040_RA+000..+005,41.938,0.000,-40.000,5.000,-50.000
--patch
DEC-050..-040_RA+005..+010,21.115,5.000,-40.000,10.000,-50.000
--patch
DEC-050..-040_RA+010..+015,9.549,10.000,-40.000,15.000,-50.000
--patch
DEC-050..-040_RA+015..+020,4.268,15.000,-40.000,20.000,-50.000
--patch
DEC-050..-040_RA+020..+025,2.194,20.000,-40.000,25.000,-50.000
--patch
DEC-050..-040_RA+025..+030,1.401,25.000,-40.000,30.000,-50.000
--patch
DEC-050..-040_RA+030..+035,1.122,30.000,-40.000,35.000,-50.000
--patch
DEC-050..-040_RA+035..+040,1.038,35.000,-40.000,40.000,-50.000
--patch
DEC-050..-040_RA+040..+045,1.037,40.000,-40.000,45.000,-50.000
--patch
DEC-050..-040_RA+045..+050,1.086,45.000,-40.000,50.000,-50.000
--patch
DEC-050..-040_RA+050..+055,1.231,50.000,-40.000,55.000,-50.000
--patch
DEC-050..-040_RA+055..+060,1.650,55.000,-40.000,60.000,-50.000
--patch
DEC-050..-040_RA+060..+065,2.810,60.000,-40.000,65.000,-50.000
--patch
DEC-050..-040_RA+065..+070,6.363,65.000,-40.000,70.000,-50.000
--patch
DEC-050..-040_RA+070..+075,18.392,70.000,-40.000,75.000,-50.000
--patch
DEC-050..-040_RA+075..+080,54.821,75.000,-40.000,80.000,-50.000
--patch
DEC-050..-040_RA+355..+360,85.746,355.000,-40.000,360.000,-50.000
--patch
DEC-045..-035_RA+000..+005,54.911,0.000,-35.000,5.000,-45.000
--patch
DEC-045..-035_RA+005..+010,27.972,5.000,-35.000,10.000,-45.000
--patch
DEC-045..-035_RA+010..+015,13.004,10.000,-35.000,15.000,-45.000
--patch
DEC-045..-035_RA+015..+020,5.698,15.000,-35.000,20.000,-45.000
--patch
DEC-045..-035_RA+020..+025,2.773,20.000,-35.000,25.000,-45.000
--patch
DEC-045..-035_RA+025..+030,1.661,25.000,-35.000,30.000,-45.000
--patch
DEC-045..-035_RA+030..+035,1.269,30.000,-35.000,35.000,-45.000
--patch
DEC-045..-035_RA+035..+040,1.145,35.000,-35.000,40.000,-45.000
--patch
DEC-045..-035_RA+040..+045,1.141,40.000,-35.000,45.000,-45.000
--patch
DEC-045..-035_RA+045..+050,1.195,45.000,-35.000,50.000,-45.000
--patch
DEC-045..-035_RA+050..+055,1.391,50.000,-35.000,55.000,-45.000
--patch
DEC-045..-035_RA+055..+060,1.945,55.000,-35.000,60.000,-45.000
--patch
DEC-045..-035_RA+060..+065,3.537,60.000,-35.000,65.000,-45.000
--patch
DEC-045..-035_RA+065..+070,8.718,65.000,-35.000,70.000,-45.000
--patch
DEC-045..-035_RA+070..+075,26.812,70.000,-35.000,75.000,-45.000
--patch
DEC-045..-035_RA+075..+080,79.366,75.000,-35.000,80.000,-45.000
--patch
DEC-040..-030_RA+005..+010,53.036,5.000,-30.000,10.000,-40.000
--patch
DEC-040..-030_RA+010..+015,26.501,10.000,-30.000,15.000,-40.000
--patch
DEC-040..-030_RA+015..+020,11.896,15.000,-30.000,20.000,-40.000
--patch
DEC-040..-030_RA+020..+025,5.451,20.000,-30.000,25.000,-40.000
--patch
DEC-040..-030_RA+025..+030,2.931,25.000,-30.000,30.000,-40.000
--patch
DEC-040..-030_RA+030..+035,1.993,30.000,-30.000,35.000,-40.000
--patch
DEC-040..-030_RA+035..+040,1.653,35.000,-30.000,40.000,-40.000
--patch
DEC-040..-030_RA+040..+045,1.602,40.000,-30.000,45.000,-40.000
--patch
DEC-040..-030_RA+045..+050,1.729,45.000,-30.000,50.000,-40.000
--patch
DEC-040..-030_RA+050..+055,2.193,50.000,-30.000,55.000,-40.000
--patch
DEC-040..-030_RA+055..+060,3.440,55.000,-30.000,60.000,-40.000
--patch
DEC-040..-030_RA+060..+065,7.160,60.000,-30.000,65.000,-40.000
--patch
DEC-040..-030_RA+065..+070,19.675,65.000,-30.000,70.000,-40.000
--patch
DEC-040..-030_RA+070..+075,61.017,70.000,-30.000,75.000,-40.000
--patch
DEC-035..-025_RA+010..+015,70.146,10.000,-25.000,15.000,-35.000
--patch
DEC-035..-025_RA+015..+020,34.728,15.000,-25.000,20.000,-35.000
--patch
DEC-035..-025_RA+020..+025,16.620,20.000,-25.000,25.000,-35.000
--patch
DEC-035..-025_RA+025..+030,8.418,25.000,-25.000,30.000,-35.000
--patch
DEC-035..-025_RA+030..+035,5.058,30.000,-25.000,35.000,-35.000
--patch
DEC-035..-025_RA+035..+040,3.750,35.000,-25.000,40.000,-35.000
--patch
DEC-035..-025_RA+040..+045,3.472,40.000,-25.000,45.000,-35.000
--patch
DEC-035..-025_RA+045..+050,3.942,45.000,-25.000,50.000,-35.000
--patch
DEC-035..-025_RA+050..+055,5.595,50.000,-25.000,55.000,-35.000
--patch
DEC-035..-025_RA+055..+060,10.093,55.000,-25.000,60.000,-35.000
--patch
DEC-035..-025_RA+060..+065,23.757,60.000,-25.000,65.000,-35.000
--patch
DEC-035..-025_RA+065..+070,65.853,65.000,-25.000,70.000,-35.000
--patch
DEC-030..-020_RA+020..+025,70.599,20.000,-20.000,25.000,-30.000
--patch
DEC-030..-020_RA+025..+030,41.489,25.000,-20.000,30.000,-30.000
--patch
DEC-030..-020_RA+030..+035,25.224,30.000,-20.000,35.000,-30.000
--patch
DEC-030..-020_RA+035..+040,17.807,35.000,-20.000,40.000,-30.000
--patch
DEC-030..-020_RA+040..+045,15.992,40.000,-20.000,45.000,-30.000
--patch
DEC-030..-020_RA+045..+050,18.703,45.000,-20.000,50.000,-30.000
--patch
DEC-030..-020_RA+050..+055,27.795,50.000,-20.000,55.000,-30.000
--patch
DEC-030..-020_RA+055..+060,50.642,55.000,-20.000,60.000,-30.000
--patch
DEC-025..-015_RA+150..+155,74459.663,150.000,-15.000,155.000,-25.000
--patch
DEC-025..-015_RA+155..+160,51590.008,155.000,-15.000,160.000,-25.000
--patch
DEC-025..-015_RA+160..+165,49723.889,160.000,-15.000,165.000,-25.000
--patch
DEC-025..-015_RA+165..+170,62605.892,165.000,-15.000,170.000,-25.000
--patch
DEC-025..-015_RA+170..+175,96089.809,170.000,-15.000,175.000,-25.000
--patch
DEC-020..-010_RA+145..+150,36274.941,145.000,-10.000,150.000,-20.000
--patch
DEC-020..-010_RA+150..+155,18650.015,150.000,-10.000,155.000,-20.000
--patch
DEC-020..-010_RA+155..+160,13872.697,155.000,-10.000,160.000,-20.000
--patch
DEC-020..-010_RA+160..+165,14398.230,160.000,-10.000,165.000,-20.000
--patch
DEC-020..-010_RA+165..+170,19963.476,165.000,-10.000,170.000,-20.000
--patch
DEC-020..-010_RA+170..+175,35448.753,170.000,-10.000,175.000,-20.000
--patch
DEC-020..-010_RA+175..+180,73128.387,175.000,-10.000,180.000,-20.000
--patch
DEC-015..-005_RA+140..+145,40285.826,140.000,-5.000,145.000,-15.000
--patch
DEC-015..-005_RA+145..+150,15828.372,145.000,-5.000,150.000,-15.000
--patch
DEC-015..-005_RA+150..+155,9129.661,150.000,-5.000,155.000,-15.000
--patch
DEC-015..-005_RA+155..+160,7157.263,155.000,-5.000,160.000,-15.000
--patch
DEC-015..-005_RA+160..+165,7220.155,160.000,-5.000,165.000,-15.000
--patch
DEC-015..-005_RA+165..+170,9549.928,165.000,-5.000,170.000,-15.000
--patch
DEC-015..-005_RA+170..+175,17045.082,170.000,-5.000,175.000,-15.000
--patch
DEC-015..-005_RA+175..+180,40063.488,175.000,-5.000,180.000,-15.000
--patch
DEC-010..+000_RA+135..+140,99292.754,135.000,0.000,140.000,-10.000
--patch
DEC-010..+000_RA+140..+145,26098.421,140.000,0.000,145.000,-10.000
--patch
DEC-010..+000_RA+145..+150,11315.878,145.000,0.000,150.000,-10.000
--patch
DEC-010..+000_RA+150..+155,7139.092,150.000,0.000,155.000,-10.000
--patch
DEC-010..+000_RA+155..+160,5794.094,155.000,0.000,160.000,-10.000
--patch
DEC-010..+000_RA+160..+165,5720.276,160.000,0.000,165.000,-10.000
--patch
DEC-010..+000_RA+165..+170,7187.695,165.000,0.000,170.000,-10.000
--patch
DEC-010..+000_RA+170..+175,12459.527,170.000,0.000,175.000,-10.000
--patch
DEC-010..+000_RA+175..+180,30414.254,175.000,0.000,180.000,-10.000
--patch
DEC-010..+000_RA+180..+185,94202.512,180.000,0.000,185.000,-10.000
--patch
DEC-005..+005_RA+135..+140,92802.013,135.000,5.000,140.000,-5.000
--patch
DEC-005..+005_RA+140..+145,25416.604,140.000,5.000,145.000,-5.000
--patch
DEC-005..+005_RA+145..+150,11242.937,145.000,5.000,150.000,-5.000
--patch
DEC-005..+005_RA+150..+155,7252.497,150.000,5.000,155.000,-5.000
--patch
DEC-005..+005_RA+155..+160,5945.964,155.000,5.000,160.000,-5.000
--patch
DEC-005..+005_RA+160..+165,5991.613,160.000,5.000,165.000,-5.000
--patch
DEC-005..+005_RA+165..+170,7593.044,165.000,5.000,170.000,-5.000
--patch
DEC-005..+005_RA+170..+175,13313.289,170.000,5.000,175.000,-5.000
--patch
DEC-005..+005_RA+175..+180,33127.476,175.000,5.000,180.000,-5.000
--patch
DEC+000..+010_RA+140..+145,35052.539,140.000,10.000,145.000,0.000
--patch
DEC+000..+010_RA+145..+150,14585.322,145.000,10.000,150.000,0.000
--patch
DEC+000..+010_RA+150..+155,8985.356,150.000,10.000,155.000,0.000
--patch
DEC+000..+010_RA+155..+160,7333.726,155.000,10.000,160.000,0.000
--patch
DEC+000..+010_RA+160..+165,7700.131,160.000,10.000,165.000,0.000
--patch
DEC+000..+010_RA+165..+170,10491.919,165.000,10.000,170.000,0.000
--patch
DEC+000..+010_RA+170..+175,19766.959,170.000,10.000,175.000,0.000
--patch
DEC+000..+010_RA+175..+180,52194.771,175.000,10.000,180.000,0.000
--patch
DEC+005..+015_RA+140..+145,73630.648,140.000,15.000,145.000,5.000
--patch
DEC+005..+015_RA+145..+150,26821.719,145.000,15.000,150.000,5.000
--patch
DEC+005..+015_RA+150..+155,14852.060,150.000,15.000,155.000,5.000
--patch
DEC+005..+015_RA+155..+160,11779.662,155.000,15.000,160.000,5.000
--patch
DEC+005..+015_RA+160..+165,13189.183,160.000,15.000,165.000,5.000
--patch
DEC+005..+015_RA+165..+170,20369.882,165.000,15.000,170.000,5.000
--patch
DEC+005..+015_RA+170..+175,43525.676,170.000,15.000,175.000,5.000
--patch
DEC+010..+020_RA+145..+150,89889.075,145.000,20.000,150.000,10.000
--patch
DEC+010..+020_RA+150..+155,43181.000,150.000,20.000,155.000,10.000
--patch
DEC+010..+020_RA+155..+160,32528.338,155.000,20.000,160.000,10.000
--patch
DEC+010..+020_RA+160..+165,39020.537,160.000,20.000,165.000,10.000
--patch
DEC+010..+020_RA+165..+170,69585.764,165.000,20.000,170.000,10.000
